0 0 1.988576764627832
0 1 5.080803316668874e-17
0 2 -5.329999041998213e-18
0 3 1.238654134399711e-17
0 4 -0.001861961252355132
0 5 -1.577809014410963e-17
0 6 -4.691291052597412e-18
0 7 8.47497045985009e-15
0 8 0.002424523887212884
0 9 7.962184225285164e-17
0 10 2.57407114467398e-19
0 11 -0.004720056188750031
0 12 -9.285283127562358e-19
0 13 -1.570052994295727e-17
0 14 -6.23057996972085e-15
0 15 -7.081376570379267e-15
1 0 5.080803316668874e-17
1 1 1.972811211237253
1 2 5.367423277367456e-18
1 3 8.281959318125215e-17
1 4 -1.031667710423433e-16
1 5 -4.943721971114907e-16
1 6 1.485756435639579e-17
1 7 -0.007995455082996863
1 8 -1.639788114506919e-15
1 9 -3.452402937311227e-15
1 10 -9.361379429314805e-19
1 11 6.813393984517103e-16
1 12 -1.497710958008291e-17
1 13 3.028233619350891e-17
1 14 -0.01153803968073324
1 15 0.006626038559480506
2 0 -5.329999041998214e-18
2 1 5.367423277367456e-18
2 2 1.942409152049045
2 3 -9.595736529582497e-06
2 4 8.417669542165706e-17
2 5 1.505751908185911e-15
2 6 1.66452876735187e-14
2 7 -2.665042119276117e-18
2 8 3.611229537604922e-18
2 9 0.00109388652429307
2 10 0.02755955556237208
2 11 -1.254052205636476e-17
2 12 -2.671569179663746e-15
2 13 -1.482489405176063e-16
2 14 -1.708019939656147e-18
2 15 1.174633535734514e-18
3 0 1.238654134399714e-17
3 1 8.281959318125213e-17
3 2 -9.595736529589558e-06
3 3 1.942500158002546
3 4 -5.287723807688269e-18
3 5 5.432217984568958e-15
3 6 -9.748639582406463e-15
3 7 2.117480944701109e-15
3 8 -4.442072148896887e-15
3 9 0.02784907551261005
3 10 -0.001158270597943755
3 11 2.288442614872011e-17
3 12 -4.696814687687986e-15
3 13 -8.503694722236234e-15
3 14 -4.033071806865583e-17
3 15 4.776764825752268e-17
4 0 -0.001861961252355136
4 1 -1.031667710423423e-16
4 2 8.417669542165678e-17
4 3 -5.287723807688316e-18
4 4 1.978856044105193
4 5 -5.693508469026984e-17
4 6 9.742445424228456e-19
4 7 -7.800713271505104e-15
4 8 0.006935223760370686
4 9 1.156305445600742e-16
4 10 -6.337704098053566e-17
4 11 0.01914183256386138
4 12 9.33562342654504e-18
4 13 1.098912664834419e-16
4 14 4.763606421105447e-15
4 15 5.424408353802521e-15
5 0 -1.577809014410964e-17
5 1 -4.943721971114913e-16
5 2 1.50575190818591e-15
5 3 5.432217984568937e-15
5 4 -5.693508469027008e-17
5 5 0.04912217658312798
5 6 -2.083823280569622e-05
5 7 2.716167437720484e-17
5 8 -3.816696979947023e-17
5 9 -1.022499720162037e-15
5 10 6.536301803186498e-17
5 11 5.678540662099783e-18
5 12 0.003241582618795369
5 13 -0.02044011100690348
5 14 2.139805096082137e-17
5 15 -1.895453022275835e-17
6 0 -4.691291052597437e-18
6 1 1.485756435639564e-17
6 2 1.664528767351865e-14
6 3 -9.748639582406488e-15
6 4 9.742445424228404e-19
6 5 -2.083823280569418e-05
6 6 0.04936328103198564
6 7 -6.423115806572521e-18
6 8 -1.260859248468106e-18
6 9 -2.511292112146478e-16
6 10 -2.2629588496368e-16
6 11 2.772640312962408e-18
6 12 -0.02029799774948055
6 13 -0.003253683992170287
6 14 -1.726618625958628e-17
6 15 7.78016186770327e-18
7 0 8.47497045985009e-15
7 1 -0.007995455082996868
7 2 -2.665042119276114e-18
7 3 2.117480944701112e-15
7 4 -7.800713271505134e-15
7 5 2.716167437720478e-17
7 6 -6.423115806572547e-18
7 7 0.006340832372631371
7 8 -5.983143830756896e-16
7 9 4.774689694614705e-17
7 10 -1.028748319976936e-18
7 11 7.948340936962124e-17
7 12 3.1223815728746e-18
7 13 -7.588301050233987e-18
7 14 0.001669044050986337
7 15 0.004354440458817525
8 0 0.002424523887212875
8 1 -1.639788114506918e-15
8 2 3.611229537604878e-18
8 3 -4.4420721488969e-15
8 4 0.006935223760370668
8 5 -3.816696979947025e-17
8 6 -1.260859248468086e-18
8 7 -5.983143830756889e-16
8 8 0.004439515283603198
8 9 -4.269189321192759e-17
8 10 4.281833773334917e-18
8 11 0.001884842203907343
8 12 -1.564783991005158e-18
8 13 1.472758356156355e-17
8 14 -3.404179113843643e-16
8 15 -8.408069763571479e-16
9 0 7.962184225285164e-17
9 1 -3.452402937311222e-15
9 2 0.001093886524293069
9 3 0.02784907551260998
9 4 1.156305445600747e-16
9 5 -1.022499720162038e-15
9 6 -2.511292112146496e-16
9 7 4.774689694614713e-17
9 8 -4.269189321192762e-17
9 9 0.006643344252852011
9 10 1.706020493047725e-06
9 11 1.955151720557081e-18
9 12 -4.276658803697581e-17
9 13 1.069033533777414e-16
9 14 4.225747968665661e-17
9 15 -1.077014960209525e-17
10 0 2.574071144673952e-19
10 1 -9.361379429314778e-19
10 2 0.02755955556237207
10 3 -0.001158270597943756
10 4 -6.337704098053566e-17
10 5 6.536301803186516e-17
10 6 -2.262958849636801e-16
10 7 -1.028748319976931e-18
10 8 4.281833773334919e-18
10 9 1.706020493046862e-06
10 10 0.006665474279296703
10 11 4.115239212768145e-18
10 12 -2.281708828417722e-17
10 13 1.067056613367396e-17
10 14 9.949287576762699e-20
10 15 -1.723185487569233e-19
11 0 -0.004720056188750019
11 1 6.813393984517097e-16
11 2 -1.254052205636479e-17
11 3 2.28844261487201e-17
11 4 0.01914183256386135
11 5 5.678540662099748e-18
11 6 2.772640312962413e-18
11 7 7.948340936962059e-17
11 8 0.001884842203907345
11 9 1.955151720557076e-18
11 10 4.115239212768136e-18
11 11 0.0125337826403096
11 12 -8.905010007632779e-19
11 13 -8.357706722963032e-18
11 14 1.384111534854365e-16
11 15 3.000723417374186e-17
12 0 -9.285283127562352e-19
12 1 -1.497710958008296e-17
12 2 -2.671569179663732e-15
12 3 -4.696814687687983e-15
12 4 9.335623426545061e-18
12 5 0.003241582618795371
12 6 -0.02029799774948055
12 7 3.122381572874603e-18
12 8 -1.564783991005161e-18
12 9 -4.276658803697563e-17
12 10 -2.281708828417727e-17
12 11 -8.905010007632762e-19
12 12 0.01028695951076779
12 13 -6.240264486449444e-06
12 14 7.949160643079208e-18
12 15 -4.058525494425606e-18
13 0 -1.570052994295726e-17
13 1 3.028233619350899e-17
13 2 -1.482489405176066e-16
13 3 -8.503694722236226e-15
13 4 1.098912664834418e-16
13 5 -0.02044011100690349
13 6 -0.003253683992170288
13 7 -7.588301050233953e-18
13 8 1.472758356156354e-17
13 9 1.069033533777414e-16
13 10 1.0670566133674e-17
13 11 -8.357706722963029e-18
13 12 -6.240264486449294e-06
13 13 0.01042946890663451
13 14 -5.894610066925428e-18
13 15 8.964854190097564e-18
14 0 -6.230579969720859e-15
14 1 -0.01153803968073323
14 2 -1.70801993965615e-18
14 3 -4.033071806865588e-17
14 4 4.763606421105485e-15
14 5 2.139805096082138e-17
14 6 -1.726618625958631e-17
14 7 0.00166904405098634
14 8 -3.404179113843647e-16
14 9 4.22574796866567e-17
14 10 9.949287576762716e-20
14 11 1.384111534854358e-16
14 12 7.949160643079208e-18
14 13 -5.894610066925433e-18
14 14 0.01045805023617366
14 15 -0.005203261024681161
15 0 -7.081376570379271e-15
15 1 0.006626038559480506
15 2 1.174633535734521e-18
15 3 4.776764825752261e-17
15 4 5.424408353802517e-15
15 5 -1.895453022275835e-17
15 6 7.78016186770326e-18
15 7 0.004354440458817527
15 8 -8.408069763571465e-16
15 9 -1.077014960209524e-17
15 10 -1.723185487569234e-19
15 11 3.000723417374186e-17
15 12 -4.058525494425613e-18
15 13 8.964854190097556e-18
15 14 -0.005203261024681168
15 15 0.008563784880650478
