0000000000011111
0000000000101111
0000000000110111
0000000000111011
0000000000111101
0000000000111110
0000000001001111
0000000001010111
0000000001011011
0000000001011101
0000000001011110
0000000001100111
0000000001101011
0000000001101101
0000000001101110
0000000001110011
0000000001110101
0000000001110110
0000000001111001
0000000001111010
0000000001111100
0000000010001111
0000000010010111
0000000010011011
0000000010011101
0000000010011110
0000000010100111
0000000010101011
0000000010101101
0000000010101110
0000000010110011
0000000010110101
0000000010110110
0000000010111001
0000000010111010
0000000010111100
0000000011000111
0000000011001011
0000000011001101
0000000011001110
0000000011010011
0000000011010101
0000000011010110
0000000011011001
0000000011011010
0000000011011100
0000000011100011
0000000011100101
0000000011100110
0000000011101001
0000000011101010
0000000011110010
0000000011110100
0000000011111000
0000000100001111
0000000100010111
0000000100011011
0000000100011101
0000000100011110
0000000100100111
0000000100101011
0000000100101101
0000000100101110
0000000100110011
0000000100110101
0000000100110110
0000000100111001
0000000100111010
0000000100111100
0000000101000111
0000000101001011
0000000101001101
0000000101001110
0000000101010011
0000000101010101
0000000101010110
0000000101011001
0000000101011010
0000000101011100
0000000101100011
0000000101100101
0000000101101001
0000000101110001
0000000101110010
0000000101111000
0000000110000111
0000000110001011
0000000110001101
0000000110001110
0000000110010011
0000000110010101
0000000110010110
0000000110011001
0000000110011010
0000000110011100
0000000110101010
0000000110110001
0000000111000011
0000000111000101
0000000111001001
0000000111001100
0000000111010100
0000000111011000
0000000111100001
0000001000001111
0000001000010111
0000001000011011
0000001000011101
0000001000011110
0000001000100111
0000001000101011
0000001000101101
0000001000110011
0000001000110101
0000001000110110
0000001000111001
0000001000111010
0000001000111100
0000001001000111
0000001001001011
0000001001001101
0000001001001110
0000001001010011
0000001001010101
0000001001010110
0000001001011001
0000001001011010
0000001001011100
0000001001100011
0000001001100101
0000001001101001
0000001001101100
0000001001110001
0000001001110010
0000001001110100
0000001001111000
0000001010000111
0000001010001101
0000001010010011
0000001010010101
0000001010010110
0000001010011001
0000001010011010
0000001010011100
0000001010100011
0000001010101001
0000001010101010
0000001010101100
0000001010111000
0000001011000011
0000001011000101
0000001011001010
0000001011010001
0000001011010010
0000001011011000
0000001011101000
0000001100000111
0000001100001011
0000001100001101
0000001100001110
0000001100010011
0000001100010101
0000001100010110
0000001100011010
0000001100011100
0000001100100011
0000001100100101
0000001100110001
0000001100110010
0000001100110100
0000001100111000
0000001101000101
0000001101000110
0000001101010001
0000001101010100
0000001101011000
0000001101100001
0000001101101000
0000001110000101
0000001110000110
0000001110010100
0000001110100100
0000001111010000
0000010000001111
0000010000010111
0000010000011011
0000010000011101
0000010000011110
0000010000100111
0000010000101011
0000010000101101
0000010000101110
0000010000110011
0000010000110101
0000010000110110
0000010000111001
0000010000111010
0000010000111100
0000010001000111
0000010001001011
0000010001001101
0000010001001110
0000010001010011
0000010001010101
0000010001010110
0000010001011001
0000010001011010
0000010001011100
0000010001100011
0000010001100101
0000010001101100
0000010001110001
0000010001110010
0000010001110100
0000010010001011
0000010010001101
0000010010001110
0000010010010011
0000010010010101
0000010010010110
0000010010011001
0000010010011010
0000010010011100
0000010010100011
0000010010100101
0000010010101001
0000010010101010
0000010010110001
0000010010110010
0000010010110100
0000010010111000
0000010011000101
0000010011000110
0000010011010001
0000010011011000
0000010011100100
0000010100000111
0000010100001011
0000010100001101
0000010100001110
0000010100010011
0000010100010110
0000010100011001
0000010100011010
0000010100011100
0000010100100011
0000010100100101
0000010100100110
0000010100101010
0000010100110001
0000010100110010
0000010100111000
0000010101000011
0000010101000110
0000010101001010
0000010101010010
0000010101011000
0000010110000011
0000010110000101
0000010110000110
0000010110001001
0000010110001010
0000010110001100
0000010110010001
0000010110100001
0000010110100100
0000011000000111
0000011000001011
0000011000001101
0000011000010011
0000011000010101
0000011000010110
0000011000011001
0000011000011010
0000011000100011
0000011000101001
0000011000110001
0000011000110010
0000011000110100
0000011000111000
0000011001001001
0000011001010010
0000011001010100
0000011010000011
0000011010000101
0000011010001100
0000011010010001
0000011010010010
0000011010011000
0000011010110000
0000011011000001
0000011100000101
0000011100010001
0000011100010100
0000011101000001
0000011110010000
0000100000001111
0000100000010111
0000100000011011
0000100000011101
0000100000011110
0000100000100111
0000100000101011
0000100000101101
0000100000101110
0000100000110011
0000100000110101
0000100000110110
0000100000111001
0000100000111010
0000100000111100
0000100001000111
0000100001001011
0000100001001101
0000100001001110
0000100001010011
0000100001010101
0000100001010110
0000100001011001
0000100001011010
0000100001011100
0000100001100011
0000100001100101
0000100001101001
0000100001110001
0000100001110010
0000100001111000
0000100010000111
0000100010001011
0000100010001101
0000100010001110
0000100010010011
0000100010010101
0000100010010110
0000100010011001
0000100010011010
0000100010011100
0000100010100011
0000100010100110
0000100010110010
0000100010110100
0000100010111000
0000100011000011
0000100011000101
0000100011000110
0000100011001010
0000100011010010
0000100011011000
0000100011101000
0000100011110000
0000100100000111
0000100100001011
0000100100001101
0000100100001110
0000100100010101
0000100100010110
0000100100011001
0000100100011010
0000100100011100
0000100100100011
0000100100100101
0000100100101100
0000100100110010
0000100101000011
0000100101001001
0000100101001010
0000100101001100
0000100101010001
0000100101010010
0000100101010100
0000100101101000
0000101000000111
0000101000001011
0000101000001101
0000101000001110
0000101000010011
0000101000010101
0000101000010110
0000101000011001
0000101000011010
0000101000011100
0000101000100011
0000101000101010
0000101000110100
0000101000111000
0000101001000011
0000101001001001
0000101001010010
0000101001010100
0000101001110000
0000101010000011
0000101010000101
0000101010000110
0000101010001100
0000101010011000
0000101100000101
0000101100000110
0000101100001010
0000101100010010
0000101100010100
0000110000000111
0000110000001011
0000110000001101
0000110000001110
0000110000010011
0000110000010101
0000110000010110
0000110000011001
0000110000011010
0000110000011100
0000110000100011
0000110000100110
0000110000101010
0000110000110010
0000110000110100
0000110000111000
0000110001000011
0000110001000101
0000110001001001
0000110001001100
0000110001010001
0000110001010100
0000110001011000
0000110010001001
0000110010001100
0000110010011000
0000110011001000
0000110100000101
0000110100000110
0000110100001001
0000110100001010
0000110100001100
0000110100010100
0000110100011000
0000111000000011
0000111000010010
0000111000100100
0000111100100000
0001000000001111
0001000000010111
0001000000011011
0001000000011101
0001000000011110
0001000000100111
0001000000101011
0001000000101101
0001000000101110
0001000000110011
0001000000110101
0001000000110110
0001000000111001
0001000000111010
0001000000111100
0001000001000111
0001000001001011
0001000001001101
0001000001001110
0001000001010011
0001000001010101
0001000001010110
0001000001011001
0001000001011010
0001000001011100
0001000001100011
0001000001100101
0001000001100110
0001000001101001
0001000001110001
0001000001111000
0001000010000111
0001000010001011
0001000010001101
0001000010001110
0001000010010011
0001000010010101
0001000010010110
0001000010011001
0001000010011010
0001000010011100
0001000010110001
0001000011000101
0001000011001001
0001000011001010
0001000011001100
0001000011010001
0001000011010010
0001000011011000
0001000011100001
0001000100000111
0001000100001011
0001000100001101
0001000100001110
0001000100010011
0001000100010101
0001000100010110
0001000100011001
0001000100011010
0001000100011100
0001000100100011
0001000100101001
0001000100101010
0001000100110001
0001000101000011
0001000101001001
0001000101010001
0001000101010010
0001000101010100
0001000101100010
0001000110000011
0001000110000110
0001000110001001
0001000110011000
0001001000000111
0001001000001011
0001001000001110
0001001000010011
0001001000010101
0001001000010110
0001001000011001
0001001000011010
0001001000011100
0001001000101001
0001001000101010
0001001000110001
0001001001000101
0001001001010001
0001001010000011
0001001010001010
0001001010001100
0001001010010001
0001001010010010
0001001010011000
0001001010100100
0001001011100000
0001001100001001
0001001100010001
0001010000001011
0001010000001101
0001010000001110
0001010000010011
0001010000010101
0001010000011001
0001010000011010
0001010000011100
0001010000100011
0001010000100110
0001010000101100
0001010000110010
0001010000110100
0001010001001001
0001010001001010
0001010001001100
0001010001010001
0001010001010010
0001010001010100
0001010001100001
0001010010000101
0001010100000011
0001010100010001
0001010100010100
0001011000000011
0001011000000101
0001011000001010
0001011000010010
0001011000010100
0001011001000010
0001011100100000
0001100000000111
0001100000001011
0001100000001101
0001100000001110
0001100000010011
0001100000010101
0001100000010110
0001100000011001
0001100000011010
0001100000011100
0001100000100101
0001100000110100
0001100000111000
0001100001110000
0001100010000110
0001100010001010
0001100010001100
0001100010011000
0001100010100001
0001100011000010
0001100100000101
0001100100000110
0001100100001001
0001100100011000
0001100110100000
0001101000000011
0001101000000110
0001101000001001
0001101000001010
0001101000010001
0001101000010010
0001101000100010
0001101001010000
0001110000001001
0001110000001010
0001110000010010
0001110000101000
0001110001001000
0010000000001111
0010000000010111
0010000000011011
0010000000011101
0010000000011110
0010000000100111
0010000000101011
0010000000101101
0010000000101110
0010000000110011
0010000000110101
0010000000110110
0010000000111001
0010000000111010
0010000000111100
0010000001000111
0010000001001011
0010000001001101
0010000001001110
0010000001010011
0010000001010101
0010000001010110
0010000001011001
0010000001011010
0010000001011100
0010000001100011
0010000001100101
0010000001101001
0010000001101010
0010000001101100
0010000001110001
0010000001110010
0010000001111000
0010000010000111
0010000010001011
0010000010001101
0010000010001110
0010000010010011
0010000010010101
0010000010010110
0010000010011001
0010000010011010
0010000010011100
0010000010100101
0010000010101010
0010000010110010
0010000010111000
0010000011000011
0010000011001001
0010000011001100
0010000011010001
0010000011010100
0010000100000111
0010000100001011
0010000100001101
0010000100001110
0010000100010011
0010000100010101
0010000100010110
0010000100011001
0010000100011010
0010000100011100
0010000100110100
0010000101000011
0010000101001001
0010000101010001
0010000101010010
0010000110000101
0010000110001100
0010000110010100
0010000110011000
0010001000000111
0010001000001011
0010001000001101
0010001000001110
0010001000010011
0010001000010101
0010001000010110
0010001000011001
0010001000011010
0010001000011100
0010001000100101
0010001000100110
0010001000110001
0010001000110100
0010001000111000
0010001001000011
0010001001001010
0010001001001100
0010001001010010
0010001001011000
0010001010000011
0010001010000101
0010001010000110
0010001010001010
0010001010011000
0010001100000011
0010001100000110
0010001100001001
0010001100010001
0010001100010010
0010001100010100
0010001110000100
0010010000000111
0010010000001011
0010010000001101
0010010000001110
0010010000010011
0010010000010101
0010010000010110
0010010000011001
0010010000011010
0010010000011100
0010010000101001
0010010000101010
0010010000110010
0010010001000011
0010010001010001
0010010001011000
0010010001110000
0010010010000011
0010010010001010
0010010010010001
0010010100000011
0010010100000101
0010010100001010
0010010100001100
0010010100010010
0010010100011000
0010010100101000
0010011000000110
0010011000010001
0010011100001000
0010100000000111
0010100000001011
0010100000001101
0010100000001110
0010100000010011
0010100000010101
0010100000010110
0010100000011001
0010100000011010
0010100000011100
0010100000111000
0010100001000011
0010100001000101
0010100001000110
0010100001001001
0010100001010001
0010100001010010
0010100001011000
0010100010001010
0010100011000001
0010100100000101
0010100100000110
0010100100001010
0010100100001100
0010100100011000
0010100100100010
0010100101000001
0010101000000011
0010101000000101
0010101000010001
0010101001000010
0010101001001000
0010101010010000
0010110000000011
0010110000000110
0010110000001001
0010110000010001
0010110000010010
0010110000010100
0010110000100010
0010110010001000
0011000000000111
0011000000001011
0011000000001101
0011000000001110
0011000000010011
0011000000010101
0011000000010110
0011000000011001
0011000000011010
0011000000011100
0011000000100011
0011000000100101
0011000000101001
0011000000101100
0011000000110001
0011000000110100
0011000001000011
0011000001001001
0011000001001010
0011000001010001
0011000001010010
0011000001010100
0011000001100010
0011000010000011
0011000010010100
0011000011010000
0011000100000011
0011001000010001
0011001000010010
0011001100010000
0011010000001010
0011010000010010
0011010000110000
0011010100000010
0011011000000010
0011100000000011
0011100000000101
0011100000010001
0011100000010010
0011100000011000
0011100000100010
0011100010000010
0011100010001000
0011110000000010
0011110000010000
0100000000001111
0100000000010111
0100000000011011
0100000000011101
0100000000011110
0100000000100111
0100000000101011
0100000000101101
0100000000110011
0100000000110101
0100000000110110
0100000000111001
0100000000111010
0100000000111100
0100000001000111
0100000001001011
0100000001001101
0100000001001110
0100000001010011
0100000001010101
0100000001010110
0100000001011001
0100000001011010
0100000001011100
0100000001100011
0100000001100101
0100000001110001
0100000001110010
0100000001110100
0100000001111000
0100000010000111
0100000010001011
0100000010001101
0100000010001110
0100000010010011
0100000010010101
0100000010011001
0100000010011010
0100000010011100
0100000010100011
0100000010101010
0100000010101100
0100000010110001
0100000010110010
0100000010110100
0100000010111000
0100000011000011
0100000011000110
0100000011001001
0100000011001010
0100000011001100
0100000011010010
0100000011011000
0100000100000111
0100000100001011
0100000100001101
0100000100001110
0100000100010101
0100000100010110
0100000100011001
0100000100011010
0100000100011100
0100000100100011
0100000100100101
0100000100100110
0100000100101100
0100000100110010
0100000100110100
0100000101000011
0100000101000101
0100000101001001
0100000101001010
0100000101010100
0100000101011000
0100000101110000
0100000110000110
0100000110001010
0100000110001100
0100001000000111
0100001000001011
0100001000001101
0100001000001110
0100001000010011
0100001000010101
0100001000010110
0100001000011001
0100001000011010
0100001000011100
0100001000100011
0100001000100110
0100001000101010
0100001000110100
0100001000111000
0100001001000101
0100001001000110
0100001001001001
0100001001001010
0100001001010001
0100001001010010
0100001010000011
0100001010000110
0100001010001001
0100001010001010
0100001010011000
0100001010100010
0100001011010000
0100001100000011
0100001100000101
0100001100000110
0100001100001001
0100001100010100
0100001100100010
0100001101000001
0100010000000111
0100010000001011
0100010000001101
0100010000001110
0100010000010011
0100010000010101
0100010000010110
0100010000011001
0100010000011010
0100010000011100
0100010000100011
0100010000100101
0100010000110001
0100010000110010
0100010001000011
0100010001001001
0100010001010001
0100010001010010
0100010001011000
0100010001101000
0100010010001001
0100010010010001
0100010100000011
0100010100000101
0100010100001001
0100010100010010
0100010100011000
0100010101000010
0100011000000011
0100011000000101
0100011000001010
0100011000010010
0100011000010100
0100011000101000
0100011000110000
0100100000000111
0100100000001011
0100100000001101
0100100000001110
0100100000010101
0100100000011001
0100100000011010
0100100000011100
0100100000100101
0100100000100110
0100100000101001
0100100000101010
0100100000110010
0100100000110100
0100100000111000
0100100001000011
0100100001000101
0100100001001001
0100100001001010
0100100001001100
0100100001011000
0100100001100010
0100100001100100
0100100100000011
0100100100001100
0100100101010000
0100101000000011
0100101000000101
0100101000001001
0100101000010010
0100101000010100
0100101001000010
0100110000000011
0100110000001001
0100110000001010
0100110000011000
0100110000101000
0100110001000001
0100110001000100
0100110010010000
0100110011000000
0100111000000001
0100111000010000
0101000000000111
0101000000001011
0101000000001101
0101000000001110
0101000000010011
0101000000010101
0101000000010110
0101000000011001
0101000000011010
0101000000011100
0101000000100101
0101000000100110
0101000000101001
0101000000101010
0101000000110001
0101000001000101
0101000001001001
0101000001010001
0101000001011000
0101000001101000
0101000001110000
0101000010000011
0101000010001001
0101000010001010
0101000010010001
0101000010010010
0101000010011000
0101000010101000
0101000100000011
0101000100001010
0101000100001100
0101000100011000
0101000101010000
0101001000000011
0101001000010010
0101001001001000
0101001010000100
0101010000000110
0101010000001010
0101010000010100
0101010000011000
0101010001001000
0101010001010000
0101010010100000
0101010100001000
0101100000001010
0101100000010001
0101100000011000
0101100000100001
0101100000110000
0101100100000001
0101111000000000
0110000000000111
0110000000001011
0110000000001101
0110000000001110
0110000000010011
0110000000010101
0110000000010110
0110000000011001
0110000000011010
0110000000011100
0110000000100011
0110000000100101
0110000000100110
0110000000101001
0110000000101010
0110000000110100
0110000001000011
0110000001000110
0110000001001001
0110000001001010
0110000001010100
0110000010000101
0110000010000110
0110000100000011
0110000100000101
0110000100010010
0110000100100100
0110001000001001
0110001000010100
0110001100001000
0110001100010000
0110010000001010
0110010000001100
0110010000010001
0110010000100100
0110010000101000
0110010001000010
0110010010010000
0110100000000011
0110100000000110
0110100000001100
0110100000010001
0110100000011000
0110100000100001
0110100000110000
0110100101000000
0111000000000011
0111000000001001
0111000000001010
0111000000010001
0111000000010010
0111000000011000
0111000001000100
0111000010100000
0111001000000010
0111001000100000
0111010000010000
0111100000000001
0111100000000010
0111100000000100
0111100000010000
0111100010000000
0111100100000000
1000000000001111
1000000000010111
1000000000011011
1000000000011101
1000000000011110
1000000000100111
1000000000101011
1000000000101101
1000000000101110
1000000000110011
1000000000110101
1000000000110110
1000000000111001
1000000000111010
1000000000111100
1000000001000111
1000000001001011
1000000001001101
1000000001001110
1000000001010011
1000000001010101
1000000001010110
1000000001011001
1000000001011010
1000000001011100
1000000001100011
1000000001100101
1000000001100110
1000000001101001
1000000001101010
1000000001110001
1000000001110010
1000000001110100
1000000001111000
1000000010000111
1000000010001011
1000000010001101
1000000010001110
1000000010010011
1000000010010101
1000000010010110
1000000010011001
1000000010011010
1000000010011100
1000000010100011
1000000010100110
1000000010101010
1000000010101100
1000000010110100
1000000010111000
1000000011000011
1000000011001001
1000000011001100
1000000011010001
1000000011010010
1000000011100010
1000000100000111
1000000100001011
1000000100001101
1000000100001110
1000000100010011
1000000100010110
1000000100011001
1000000100011010
1000000100011100
1000000100100101
1000000100110010
1000000100110100
1000000101000011
1000000101001001
1000000101001100
1000000101011000
1000000101110000
1000000110010010
1000000110010100
1000001000000111
1000001000001011
1000001000001101
1000001000001110
1000001000010011
1000001000010101
1000001000010110
1000001000011001
1000001000011010
1000001000011100
1000001000110010
1000001000110100
1000001000111000
1000001001000011
1000001001000101
1000001001001001
1000001001001010
1000001001010001
1000001001010010
1000001001100100
1000001010000101
1000001010010001
1000001010010010
1000001010010100
1000001010011000
1000001100001001
1000001100001010
1000001100010001
1000001100010010
1000001100010100
1000001101000010
1000001101000100
1000001110000001
1000010000000111
1000010000001011
1000010000001101
1000010000001110
1000010000010011
1000010000010101
1000010000010110
1000010000011001
1000010000011010
1000010000011100
1000010000100011
1000010000100110
1000010000110001
1000010000110010
1000010000110100
1000010000111000
1000010001001001
1000010001001010
1000010001010100
1000010001101000
1000010010010100
1000010010011000
1000010100000011
1000010100001001
1000010100010010
1000010100010100
1000010100011000
1000010101000001
1000010110000001
1000011000000011
1000011000010010
1000011000010100
1000011000110000
1000011001100000
1000100000000111
1000100000001011
1000100000001101
1000100000001110
1000100000010011
1000100000010101
1000100000010110
1000100000011001
1000100000011010
1000100000011100
1000100000101100
1000100000110001
1000100000110010
1000100000110100
1000100000111000
1000100001000011
1000100001000101
1000100001001001
1000100001001010
1000100001010001
1000100001011000
1000100001101000
1000100001110000
1000100010001100
1000100010010010
1000100010100100
1000100011001000
1000100100000110
1000100100001001
1000100100001010
1000101000001100
1000101000010010
1000101001000010
1000101010010000
1000101100010000
1000110000000011
1000110000000110
1000110000001001
1000110000001010
1000110000010010
1000110000011000
1000110001000010
1000110001001000
1000110001010000
1000110010010000
1000111000000010
1001000000000111
1001000000001011
1001000000001101
1001000000001110
1001000000010011
1001000000010101
1001000000010110
1001000000011001
1001000000011010
1001000000011100
1001000000100101
1001000000100110
1001000000101001
1001000000101010
1001000000110001
1001000001001001
1001000001010010
1001000001010100
1001000010000101
1001000010001001
1001000010001010
1001000010010001
1001000010011000
1001000011000100
1001000100000011
1001000100000101
1001000100010001
1001000100011000
1001000100100010
1001001000000101
1001001000001010
1001001000010001
1001001000010010
1001001000011000
1001001001000100
1001001001010000
1001001010000001
1001010000000110
1001010000001001
1001010100000010
1001100000000110
1001100000001001
1001100000001100
1001100000010100
1001100000110000
1001100001010000
1001100010000010
1001100100001000
1001110100000000
1001111000000000
1010000000000111
1010000000001011
1010000000001101
1010000000001110
1010000000010011
1010000000010101
1010000000010110
1010000000011010
1010000000011100
1010000000100011
1010000000100101
1010000000110001
1010000000110010
1010000001000011
1010000001000110
1010000001001001
1010000001001010
1010000001010001
1010000001010010
1010000001100010
1010000010000011
1010000010000101
1010000010000110
1010000010001010
1010000010110000
1010000011000010
1010000100001001
1010000100001010
1010000100010100
1010000110000001
1010001001100000
1010001100001000
1010001110000000
1010010000000011
1010010000000110
1010010000001010
1010010000010010
1010010000100001
1010010001000010
1010010100000100
1010010100001000
1010011000010000
1010011010000000
1010100000000011
1010100000000101
1010100000000110
1010100000011000
1010100001000001
1010100001010000
1010100010010000
1010100100010000
1010101000000100
1010110000010000
1010110010000000
1011000000000011
1011000000010010
1011000100010000
1011001000001000
1011010010000000
1011100000000001
1011110000000000
1100000000000111
1100000000001011
1100000000001101
1100000000001110
1100000000010011
1100000000010101
1100000000010110
1100000000011001
1100000000011010
1100000000011100
1100000000100101
1100000000100110
1100000000101001
1100000000101010
1100000000101100
1100000000110010
1100000000110100
1100000000111000
1100000001000110
1100000001001001
1100000001001010
1100000001010001
1100000001010010
1100000001100010
1100000001110000
1100000010010010
1100000011000100
1100000100000110
1100000100001001
1100000100010001
1100000100010010
1100000110001000
1100001000000011
1100001000010100
1100001000011000
1100001001000001
1100001001000100
1100001100001000
1100010000000101
1100010000000110
1100010000010001
1100010000011000
1100010000100010
1100010000110000
1100010001000100
1100010010010000
1100011000000010
1100011000001000
1100011001000000
1100100000001010
1100100000001100
1100100000010010
1100100001000100
1100100010001000
1101000000001010
1101000000011000
1101000000100010
1101000000100100
1101000001000100
1101000010010000
1110000000000101
1110000000000110
1110000000001100
1110000000010100
1110000000011000
1110000001000001
1110000001010000
1110001000010000
1110010000000001
1111000000000010
1111000000001000
